|4|4|0|132|2019-07-02
|11|5|0|131|2022-04-08
|7|2|0|274|2019-02-03
|10|2|1|314|2018-02-04
|3|9|0|199|2018-05-19
|10|2|0|282|2023-12-08
|24|4|0|204|2023-10-20
|2|7|1|275|2023-03-04
|9|4|0|196|2020-11-12
|2|6|1|344|2023-03-02
|23|8|1|301|2018-06-14
|13|5|1|249|2019-01-17
|14|10|1|329|2023-06-12
|23|8|1|232|2018-07-28
|22|3|0|143|2020-11-05
|17|9|1|292|2020-12-22
|14|3|1|236|2022-02-02
|16|6|1|335|2020-08-15
|2|3|1|276|2022-10-06
|21|9|0|283|2020-01-01
|10|1|0|117|2021-02-19
|19|6|0|337|2019-08-14
|18|8|0|106|2019-04-02
|6|3|0|302|2019-11-10
|21|7|1|210|2022-08-21
|16|6|1|208|2023-04-01
|22|8|0|288|2022-11-02
|9|6|1|263|2019-12-31
|13|3|1|179|2018-11-30
|10|3|0|261|2019-08-23
|2|2|1|155|2021-08-21
|16|10|0|279|2023-02-25
|16|3|1|204|2021-06-02
|12|8|1|210|2022-03-17
|16|7|0|201|2023-11-03
|6|1|1|181|2019-09-02
|22|6|1|288|2022-07-24
|10|10|0|333|2019-06-10
|3|8|1|160|2023-08-11
|24|6|1|229|2019-07-10
|4|6|1|164|2023-10-30
|25|4|0|185|2020-04-28
|10|7|1|153|2018-11-04
|3|8|1|124|2021-05-03
|1|1|1|204|2023-08-21
|22|5|0|190|2019-12-12
|4|8|0|324|2021-09-02
|22|4|1|338|2022-07-04
|3|7|0|162|2018-07-23
|5|3|1|204|2021-08-06
|9|5|0|322|2023-10-10
|2|5|0|192|2018-11-29
|13|1|1|200|2020-01-08
|22|7|0|228|2020-02-27
|2|10|0|342|2019-04-28
|18|3|1|281|2023-07-14
|12|6|0|189|2021-02-13
|2|6|0|127|2021-11-26
|3|8|0|112|2020-12-24
|23|7|1|166|2018-04-16
|2|5|1|286|2018-03-14
|18|10|1|326|2021-12-08
|12|4|1|110|2018-09-26
|8|7|1|340|2020-05-11
|10|5|1|314|2021-06-13
|1|1|0|221|2021-04-24
|18|9|1|248|2023-08-10
|15|8|1|298|2018-01-12
|10|8|0|145|2020-03-18
|13|2|1|340|2021-08-26
|21|1|0|254|2021-01-10
|6|6|1|347|2023-04-27
|21|4|1|111|2020-03-19
|11|7|0|339|2019-12-01
|4|7|1|260|2022-02-01
|3|9|1|206|2019-08-05
|24|9|1|314|2019-02-10
|24|8|0|203|2022-12-20
|18|5|0|143|2023-08-19
|2|8|1|323|2018-05-31
|1|3|0|139|2023-02-26
|25|9|0|150|2018-11-04
|12|7|1|130|2019-06-04
|10|8|0|276|2022-03-25
|15|7|0|167|2019-05-13
|21|6|1|155|2020-11-25
|23|8|0|192|2021-06-01
|4|2|0|218|2022-09-17
|17|5|0|182|2020-11-03
|5|4|0|225|2020-05-08
|3|4|1|247|2021-02-14
|10|1|0|278|2019-06-12
|10|10|1|184|2023-06-08
|16|10|1|241|2018-11-23
|2|2|0|274|2018-08-21
|23|2|0|268|2021-05-14
|16|8|1|231|2019-02-15
|20|3|0|212|2019-07-04
|16|7|0|115|2022-06-26
|16|9|1|111|2020-10-25